n 6
m 30
s 1
t 2 3 4 5 6
a 5 6 43
a 6 5 43
a 4 6 42
a 6 4 42
a 4 5 35
a 5 4 35
a 2 6 39
a 6 2 39
a 2 3 75
a 3 2 75
a 2 4 1
a 4 2 1
a 2 5 71
a 5 2 71
a 3 6 77
a 6 3 77
a 3 4 71
a 4 3 71
a 3 5 90
a 5 3 90
a 1 2 55
a 2 1 55
a 1 6 45
a 6 1 45
a 1 3 85
a 3 1 85
a 1 4 37
a 4 1 37
a 1 5 9
a 5 1 9
