a 5 6 38
a 6 5 38
a 4 5 35
a 5 4 35
a 4 6 47
a 6 4 47
a 2 4 2
a 4 2 2
a 2 3 69
a 3 2 69
a 2 6 40
a 6 2 40
a 2 5 71
a 5 2 71
a 3 4 71
a 4 3 71
a 3 5 91
a 5 3 91
a 3 6 52
a 6 3 52
a 1 4 37
a 4 1 37
a 1 2 54
a 2 1 54
a 1 3 85
a 3 1 85
a 1 6 39
a 6 1 39
a 1 5 9
a 5 1 9
